Some((
    red: 0.40784314,
    green: 0.12941177,
    blue: 0.4862745,
))