Some((
    red: 0.72549015,
    green: 0.4431373,
    blue: 0.9843137,
))